Point2D, [-99, -99]
Line2D, [999, 999], [-999, -999]
Line2D, [3, 3], [999, 999]
Point2D, [-9, -9]
Point2D, [-9, -9]
Point3D, [23, 23, 23]
Point2D, [3, 3]
Point2D, [-99, -99]
Point2D, [23, 23]
Point3D, [-9, -9, -9]
Line3D, [-99, -99, -99], [-999, -999, -999]
Line2D, [-999, -999], [-9, -9]
Point3D, [-999, -999, -999]
Line3D, [-999, -999, -999], [-9, -9, -9]
Point3D, [3, 3, 3]
Point3D, [123, 123, 123]
Line2D, [-9, -9], [-99, -99]
Line2D, [-999, -999], [3, 3]
Point2D, [123, 123]
Line3D, [-880, -702, 635], [868, 900, 102]
Point2D, [-999, -999]
Point3D, [-99, -99, -99]
Line2D, [-99, -99], [-999, -999]
Line3D, [-9, -9, -9], [-99, -99, -99]
Point2D, [3, 2]